WELL_ID, X, Y, Error, Abs_Error, RMS,Count
299-E13-10,573195,134252.52,-0.92334375,0.92334375,0.942899909631629,96
299-E16-1,575781.5,135219.64,0.700236842105263,0.734973684210526,0.797756904669191,152
299-E17-14,575140.63,135333.73,-0.126755555555555,0.138325925925926,0.20666566308,135
299-E17-15,575142.75,135282.05,-0.522529411764705,0.522529411764705,0.538655752413211,51
299-E17-16,575145.75,135210.78,-0.230950617283952,0.231246913580248,0.279814466749791,81
299-E17-17,575046.19,135209.73,-0.317750000000001,0.317750000000001,0.353422009312758,60
299-E17-18,575112.44,135123.59,-0.0978171428571433,0.117051428571428,0.187922141932694,175
299-E17-19,575017.19,135414.88,-0.307558823529411,0.307558823529411,0.348470453356873,102
299-E17-20,574938.13,135415.33,-0.310472727272728,0.31149090909091,0.348635313498479,55
299-E17-21,574106.81,134893.42,-0.0509436619718322,0.062633802816902,0.115166811044663,71
299-E17-22,574841.06,135195.53,0.0130000000000002,0.0283333333333338,0.0377514310011645,129
299-E17-23,574694.5,134842.44,0.0102809917355374,0.031157024793389,0.0437955430012794,121
299-E17-3,575160.63,135390.5,-0.316000000000003,0.334000000000003,0.399074763254543,3
299-E18-1,573296.56,135200.16,-0.477424418604652,0.478819767441861,0.501897926943087,172
299-E18-2,573392.25,135291.02,-0.567911111111109,0.567911111111109,0.592458306081063,90
299-E18-3,573429,135277.94,-0.514815789473684,0.514815789473684,0.521976733702103,76
299-E18-4,573428.69,135259.27,-0.481639999999997,0.481639999999997,0.491793791474975,75
299-E19-1,572819.69,135085.56,-0.735797297297297,0.735797297297297,0.761070769518982,74
299-E23-1,574043.38,136016.55,-0.0333846153846153,0.105425641025641,0.145905062213369,195
299-E24-16,575017.63,135464.36,-0.0630211640211647,0.115814814814816,0.203810486201555,189
299-E24-17,574937.81,135463.88,-0.603681818181818,0.603681818181818,0.627057159928967,44
299-E24-18,574647.06,135469.77,-0.0832426035502959,0.126958579881658,0.242794066195782,169
299-E24-19,575316.94,136003.52,-0.181710937499999,0.185148437499999,0.214992132850251,128
299-E24-20,575251.13,136049.41,-0.0424457831325302,0.0830000000000008,0.109107772519177,166
299-E24-7,574406.5,135560.45,-0.187646341463415,0.197670731707318,0.246239547258654,82
299-E25-10,575630.06,136267.59,0.0137868852459006,0.177163934426229,0.210252502372975,61
299-E25-21,576063,135558.41,-0.11890909090909,0.152666666666665,0.188611192186948,33
299-E25-22,575998.5,135609.38,-0.266354838709676,0.266354838709676,0.308561647523765,31
299-E25-23,576255.75,135467.22,0.859857142857145,0.865428571428573,0.946191841013229,14
299-E25-24,576193.88,135520.84,-0.0450819672131136,0.115311475409837,0.148305953143173,61
299-E25-25,576588.88,135984.41,0.00467500000000065,0.136724999999999,0.214916902546077,40
299-E25-31,575948,135772.25,0.0884285714285714,0.149901098901098,0.21872670990616,91
299-E25-33,575992.06,135713.02,-0.215043478260871,0.229304347826088,0.245254437534646,23
299-E25-34,576019.06,136100.02,-0.0847268907563024,0.101415966386554,0.135713876602656,238
299-E25-35,575708.31,135864.69,-0.101353711790393,0.121135371179039,0.173799613569351,229
299-E25-36,575403.63,135566.38,-0.0811304347826085,0.109228260869566,0.167152527325508,184
299-E25-37,575949,135818.08,-0.15208108108108,0.158297297297296,0.181169250418763,37
299-E25-39,576581.88,135837.27,0.00165624999999947,0.0913437500000005,0.134370174331957,32
299-E25-40,575464.69,136212.31,-0.102878947368422,0.110268421052632,0.146813361646326,190
299-E25-41,575466.06,136145.92,-0.090259067357513,0.106020725388601,0.146790676102651,193
299-E25-42,575622.81,135887.59,-0.083485436893206,0.0967087378640794,0.118221160197517,103
299-E25-43,576132.31,136251.5,-0.033042253521125,0.0605915492957739,0.0820290226894135,71
299-E25-44,576109.94,135656.64,-0.0192162162162162,0.0563513513513527,0.0774008520101173,37
299-E25-45,576185.94,135659.7,-0.00511111111111499,0.0724444444444446,0.10264393687782,9
299-E25-46,575359.75,135963.5,-0.0915494505494489,0.10075824175824,0.120368253636564,91
299-E25-47,575778.94,135931.55,-0.0612318840579699,0.0858115942028974,0.115600950299489,69
299-E25-48,575623.88,135815.69,-0.0450579710144927,0.0696231884057959,0.0925222260802253,138
299-E25-93,575471.5,136022.09,0.00883333333333399,0.0333431372549032,0.0481153638175387,102
299-E26-1,575231,137091.95,-0.021112195121951,0.177024390243904,0.224510307221698,205
299-E26-10,575589,137023.5,-0.00703755868544519,0.0476384976525817,0.0681761389013257,213
299-E26-11,576179.94,137134.59,0.794760479041916,0.794760479041916,0.825540740951081,167
299-E26-12,576197.69,136383.2,0.0135609756097567,0.0474024390243897,0.0629512006123515,164
299-E26-13,576199.31,136528.59,-0.00580104712041805,0.0470052356020941,0.0646067443353444,191
299-E26-9,575576.13,137133.13,-0.0619999999999994,0.0752499999999992,0.100909613020761,64
299-E27-1,574515.13,136536.81,-0.0397777777777776,0.149044444444444,0.210286418433948,90
299-E27-10,575100.31,137052.48,-0.1338345323741,0.146697841726618,0.198091124296823,139
299-E27-11,574652.94,137062.73,-0.143901785714287,0.144366071428573,0.189212583581839,112
299-E27-12,575054.13,136583.53,-0.083194244604316,0.105741007194244,0.250965660180687,278
299-E27-13,575064.94,136489.22,-0.160531400966185,0.16352657004831,0.212310523653697,207
299-E27-14,575217.31,136498.25,-0.0550801526717545,0.089736641221373,0.156284935025837,262
299-E27-15,575095.25,136630.36,-0.0761396396396388,0.109635135135134,0.162699897838801,222
299-E27-16,574179.25,137164.86,-0.112222222222221,0.112685185185184,0.13993258959095,108
299-E27-17,574547.31,137122.02,-0.031417142857142,0.0542057142857141,0.089079354670829,175
299-E27-18,574299.63,137119.3,-0.0137751479289936,0.043976331360946,0.0655514613326063,169
299-E27-19,574355.06,137103.59,-0.133882352941177,0.136376470588235,0.165607118346582,85
299-E27-21,575145,136407.2,-0.014223404255319,0.0491595744680867,0.126492325896232,94
299-E27-4,575032,136497.92,0.0418723404255314,0.0619574468085105,0.108786928188458,94
299-E27-5,574688.69,136306.47,-0.0319787234042553,0.0618936170212755,0.105526340364093,47
299-E27-8,574759.06,137044.17,-0.106612068965518,0.132344827586208,0.205748172154282,232
299-E27-9,574917.63,137040.91,-0.095522321428572,0.135263392857143,0.208405971860557,224
299-E28-1,573933.38,136732.61,-0.0363560606060602,0.056946969696969,0.0956671549982247,132
299-E28-10,573755.56,136890.3,-0.329999999999998,0.329999999999998,0.329999999999998,1
299-E28-2,573704.5,136863.88,-0.0923068181818184,0.113352272727273,0.141553756252142,88
299-E28-26,572941.56,137024.02,-0.0871298076923065,0.0958701923076913,0.132949364999784,208
299-E28-27,573226.81,137070.06,-0.0724332129963902,0.0799927797833939,0.118608052155413,277
299-E28-28,572804.38,137108.27,-0.0824539007092204,0.0858297872340429,0.109286532103873,141
299-E28-4,573998.75,136513.16,-0.0955783132530099,0.121096385542167,0.148294277607343,83
299-E28-5,574033.81,136856.67,-0.0726333333333325,0.130166666666667,0.187146733874786,90
299-E28-6,573782.44,136388.39,-0.0503396226415106,0.0966037735849063,0.172833216583843,53
299-E28-8,573698.13,137074.3,0.0059674796747974,0.0478536585365857,0.0703846574190702,123
299-E32-1,572611.63,137645.47,-0.0816041666666669,0.12425,0.159153228053973,96
299-E32-10,572951.13,137741.69,-0.0485742574257425,0.0494059405940594,0.064907092779367,101
299-E32-2,572648,137467.52,-0.121843243243244,0.122167567567568,0.150122310494171,185
299-E32-3,572600.63,137384,-0.103238636363636,0.108011363636363,0.148485804341388,176
299-E32-4,572603.75,137187.22,-0.134769953051644,0.138075117370893,0.170753975613436,213
299-E32-5,572599.69,137285.13,-0.0390562770562787,0.0467099567099579,0.0630108215814065,231
299-E32-6,572600.38,137515.09,-0.0227391304347827,0.0395760869565223,0.0853406855415148,184
299-E32-7,572600.38,137647.05,-0.0383425925925926,0.0407685185185183,0.0487203851167648,108
299-E32-8,572663.38,137741.47,-0.0263959390862947,0.0343045685279192,0.0489050670560464,197
299-E33-14,573985.63,137567.22,-0.0332807570977925,0.089053627760252,0.133205659166829,317
299-E33-15,573810.31,137540.7,0.0224012345679004,0.0868086419753083,0.126715219739304,162
299-E33-16,573791.69,137465.3,-0.0316739130434785,0.0759347826086945,0.0961376956336013,138
299-E33-17,573878.5,137467.19,-0.0455633802816908,0.0727042253521127,0.0975512144292417,142
299-E33-18,573779.19,137386.06,-0.0812242647058828,0.0999448529411768,0.134591907697481,272
299-E33-21,573474.5,137293.2,-0.0207431693989061,0.079814207650273,0.0986275768084352,183
299-E33-25,573365.25,137681.63,-0.0789999999999996,0.0804285714285697,0.166849376042328,21
299-E33-26,573333.38,137681.47,-0.36234677419355,0.36234677419355,0.366081021791803,124
299-E33-28,573226.38,137375.02,-0.0688310344827583,0.0744931034482756,0.110698082717097,290
299-E33-29,573227.88,137231.19,-0.123068292682926,0.129478048780487,0.16377091376408,205
299-E33-30,572923.81,137467.78,-0.0706715686274518,0.077750000000001,0.112123596893751,204
299-E33-31,573525,137491.44,-0.0701189427312761,0.0774669603524219,0.0997433490655857,227
299-E33-32,573524.81,137354.02,-0.101076271186441,0.111288135593221,0.133464398858692,236
299-E33-33,574080.13,137301.94,-0.101724489795919,0.109846938775511,0.138054041474153,196
299-E33-334,573514.69,137256.38,-0.0118796296296311,0.031064814814815,0.0608243524573156,108
299-E33-335,573568.44,137222.23,-0.0273118279569898,0.0332903225806452,0.0502053846231788,93
299-E33-337,573821.81,137193.88,-0.0131235955056185,0.0275955056179772,0.0347058263411559,89
299-E33-338,573912.06,137238.23,-0.00369662921348387,0.0294269662921348,0.0454704497201509,89
299-E33-339,573716.88,137221.52,-0.00958282208588973,0.0279141104294478,0.0346002588734598,163
299-E33-34,573104.44,137740.42,-0.0313551020408162,0.0448979591836735,0.0700905536736988,245
299-E33-35,573220.81,137605.09,-0.0861772151898735,0.0866962025316454,0.101535427501806,158
299-E33-36,574068.56,137239.98,-0.536052173913043,0.536052173913043,0.549390064961372,115
299-E33-37,574091.5,137185.42,-0.0238697916666675,0.0501510416666664,0.0738898744190754,192
299-E33-38,573591.19,137594.48,-0.0203734939759031,0.0406626506024095,0.0620947908621072,249
299-E33-39,573843.5,137637.36,-0.031898203592814,0.0470239520958086,0.0633794295951649,167
299-E33-41,573707.19,137369.94,-0.0687684729064026,0.0708374384236438,0.0892440060219018,203
299-E33-42,573521,137424.38,-0.0575073891625617,0.0600591133004926,0.0717375484810358,203
299-E33-43,573523.19,137325.44,-0.103427777777777,0.105949999999999,0.121370530012666,180
299-E33-44,573706.44,137469.16,-0.00517857142857205,0.0319464285714294,0.043502052496735,112
299-E33-8,573475.31,137447.94,-0.105238341968912,0.128067357512953,0.166362968552799,193
299-E34-1,574642.69,137238.17,-0.125330188679246,0.150273584905661,0.191117986871096,106
299-E34-10,574284.38,137224.56,-0.0171483516483508,0.0434340659340652,0.060187938260816,182
299-E34-11,574176.19,137581.78,-0.0630714285714303,0.0776071428571444,0.0930527883976169,56
299-E34-12,574411,137168.55,-0.124067567567569,0.126229729729731,0.13957275541471,74
299-E34-2,574634.81,137220.69,-0.181228395061727,0.189512345679011,0.246603557993014,162
299-E34-7,575274.19,137357.75,-0.196370967741937,0.196370967741937,0.211530177821116,62
299-E34-8,574206.44,137249.63,-0.209068627450979,0.211499999999999,0.258342435007277,102
299-E34-9,574186,137429.81,-0.00975141242937949,0.044745762711865,0.0912231386050125,177
299-E35-1,575459.75,137464.95,-0.0940454545454547,0.25940909090909,0.326208591938571,22
299-E35-2,575576.13,137255.06,-0.0550632911392404,0.0702278481012659,0.0961142516336079,79
299-W10-1,566663.13,136734.56,0.0944000000000008,1.0796,1.38850592950807,215
299-W10-10,566751.38,136805.89,2.25071698113207,2.25139622641509,2.52038311328573,106
299-W10-11,566755,136802.22,2.70235294117647,2.70235294117647,2.80527869644103,85
299-W10-12,566755.56,136797.5,2.57194680851064,2.57194680851064,2.71030608501477,94
299-W10-13,566027.44,136606.81,1.68889436619718,1.68889436619718,1.78140768242026,142
299-W10-14,566017.19,136608.89,1.01701648351649,1.36256593406594,1.51447989657931,182
299-W10-15,566770.38,136808.05,2.65185833333334,2.65185833333334,2.75606805219562,120
299-W10-16,566780.88,136606.61,2.53312612612613,2.53312612612613,2.6154059561214,111
299-W10-17,566775.44,136491.25,1.86367605633803,1.86367605633803,2.05037028947058,142
299-W10-18,566846.88,136396.28,2.12495798319328,2.12495798319328,2.29918859271569,119
299-W10-19,566346.19,137037.14,1.24425,1.24425,1.46966267185624,84
299-W10-20,566249.69,136866.61,0.732077777777777,0.805722222222222,1.07707127072549,90
299-W10-21,566584,137154.72,1.10082926829268,1.10587804878049,1.36917834538216,82
299-W10-22,566832.63,136883.05,0.808684782608696,0.850184782608695,1.01482893718061,92
299-W10-23,566823.75,136815.34,0.250712643678161,0.427977011494253,0.520602590726616,87
299-W10-24,566885.44,136798.78,0.345451612903226,0.496634408602151,0.607522812528004,93
299-W10-26,566843.38,136400.59,0.186115044247785,0.318238938053097,0.410310534246043,113
299-W10-27,566844,136441.78,0.1184125,0.2906125,0.408488509630318,80
299-W10-28,566701.56,136709.94,-0.114671875,0.337921875000001,0.385444893110548,64
299-W10-3,566731.88,136673.41,2.371475,2.3737,2.48012140327848,80
299-W10-4,566734.63,136578.08,1.06744295302013,1.18905369127517,1.6678463607963,149
299-W10-5,566578.63,136474.83,1.16662307692308,1.38419230769231,1.77157910220927,130
299-W10-8,566848.81,136811.22,1.64097087378641,1.68968932038835,2.07673058959211,206
299-W10-9,566748.19,136798.84,3.03249275362319,3.03249275362319,3.04512133929249,69
299-W11-1,567220.38,136652.13,0.951350877192982,1.21759649122807,1.42244705756627,57
299-W11-10,568147.5,136610.03,0.445769230769232,1.42894871794872,1.73965628789138,156
299-W11-12,566927.13,136604.02,1.18408556149733,1.23116577540107,1.59347202724249,187
299-W11-14,567457.94,136913.97,2.353675,2.353675,2.55578890462417,40
299-W11-18,567181.94,137161.48,1.14637837837838,1.29886486486487,1.80760673491446,37
299-W11-19,567213.94,137117.09,3.05127272727273,3.05127272727273,3.05553545374472,11
299-W11-23,566904.94,136801.08,2.35705072463768,2.35705072463768,2.54333764364176,138
299-W11-24,566912.94,136744.53,2.34233333333334,2.34233333333334,2.58072607497853,108
299-W11-27,566885,136796.56,2.39025742574257,2.39025742574257,2.52913463461319,101
299-W11-3,567641.69,136663.89,-0.37721551724138,0.923439655172414,1.16174459698364,116
299-W11-30,567193.38,136858.86,2.28692307692307,2.28692307692307,2.45134474868858,26
299-W11-31,567221.56,137235.28,1.82791935483871,1.82791935483871,2.01594166342248,62
299-W11-39,566908.38,136779.92,0.0891904761904744,0.452460317460314,0.522064445939658,63
299-W11-4,567363.69,136587.27,0.339322033898306,0.747830508474577,1.45603669165912,59
299-W11-40,566926.81,136709.67,0.111529411764706,0.364094117647058,0.425194765061017,85
299-W11-41,566935.5,136677.78,0.141087912087911,0.414076923076924,0.49038750096113,91
299-W11-42,566920.44,136745.67,0.17740243902439,0.332670731707313,0.416390046388844,82
299-W11-5,567443.38,136592.41,0.132115384615386,0.413346153846155,0.497506590601884,52
299-W11-6,567481.63,136492.84,0.286150442477877,1.13204424778761,1.50555897066813,113
299-W11-7,567260.88,136675.33,0.788835978835977,1.28328042328042,1.58540232404918,189
299-W11-8,567644.38,136495.69,-1.49267857142857,1.49267857142857,1.62887895279457,56
299-W11-9,567781,136667.34,0.943405405405406,1.36986486486486,1.63147561295769,74
299-W12-1,568331.25,137206.11,0.376901477832512,1.30486206896552,1.51592604970603,203
299-W14-10,567981.06,135898.31,2.70460000000001,2.70460000000001,2.78705037629391,5
299-W14-12,566905.69,136284.17,2.25620792079208,2.25620792079208,2.43845236383512,101
299-W14-13,566901.69,136282.38,0.0819333333333358,0.426844444444446,0.501193863578647,90
299-W14-14,566898.38,136181.05,0.0962452830188687,0.353849056603775,0.425756330346584,106
299-W14-15,566899.69,136230.66,0.0475238095238114,0.295690476190476,0.343805212016228,84
299-W14-16,567001.31,136318.48,0.128029411764706,0.287794117647058,0.358751962486946,68
299-W14-17,567006.75,136218.34,0.111203125000002,0.328734375000003,0.384472833077971,64
299-W14-18,566897.5,136344.16,0.0731621621621608,0.243432432432431,0.299154258318798,74
299-W14-19,566898.63,136135.06,-0.278472727272729,0.334254545454546,0.379751162545351,55
299-W14-5,566899.25,136039.88,1.02854761904762,1.07207142857142,1.65720956659652,42
299-W14-6,566899.19,136100.83,0.395305555555554,0.609888888888888,1.07649170405019,72
299-W14-9,567031.75,135650.69,-1.02991489361702,1.12004255319148,1.22038283145869,47
299-W15-1,566554.31,135942.94,0.828992907801419,1.222,1.66848283315682,141
299-W15-10,566448.63,135981.14,1.62863157894737,1.65152631578948,1.96676367884427,38
299-W15-11,566412.31,136000.72,0.503911764705881,0.651705882352938,0.983578879279492,68
299-W15-12,566699.19,136368.77,2.08243434343435,2.08243434343435,2.23437165144201,99
299-W15-13,566845.44,136369.5,2.28246153846154,2.28246153846154,2.43651308751688,78
299-W15-15,566088.81,135751.5,0.988233333333334,1.06674,1.32058182884162,150
299-W15-16,566307,135733.63,1.43432116788321,1.45332846715329,1.70917216910692,137
299-W15-17,566306.88,135718.95,0.883712418300653,1.18898039215686,1.44643626971704,153
299-W15-18,566308.69,135561.77,1.46668907563025,1.4707731092437,1.69189354414097,119
299-W15-19,566189.06,135968.69,1.66964705882353,1.66964705882353,1.74922752698912,51
299-W15-2,566093.75,136336.23,0.122382978723405,0.872297872340425,1.07761438648407,141
299-W15-20,566082.88,135964.19,1.46439285714285,1.46439285714285,1.59892221511867,56
299-W15-22,566683.06,136110.92,2.07524107142857,2.07524107142857,2.30647590453798,112
299-W15-23,566083.63,135858.13,1.60213953488372,1.60213953488372,1.6572457677978,43
299-W15-24,566091.13,135605.73,1.23976923076923,1.23976923076923,1.4042956761857,52
299-W15-25,566448.5,135966.02,0.0717499999999873,0.297916666666668,0.42281467571502,12
299-W15-30,566304.63,135748.94,-0.0807875000000003,0.497837500000001,0.619372938947127,80
299-W15-31A,566377.13,135856.11,-0.060164705882353,0.397858823529414,0.493340378858012,85
299-W15-4,566826.25,136027.67,1.70003191489362,1.71835106382979,2.09365245596851,94
299-W15-40,566652.5,136204.97,0.358524999999998,0.358574999999998,0.39718474920369,40
299-W15-41,566757.56,136031.69,-0.14730769230769,0.290717948717949,0.364283138682269,78
299-W15-42,566581.81,135627.02,-0.200952380952384,0.226285714285717,0.271691789665109,42
299-W15-7,566675.88,135920.2,0.681896103896104,0.87161038961039,1.1992584180429,77
299-W15-763,566809.19,136028.77,-0.160301369863013,0.267479452054794,0.321669489187228,73
299-W18-10,566485.94,135300.69,0.928294117647059,1.4614705882353,1.64769716306622,17
299-W18-15,566380.06,134733.48,-0.59416,1.07888,1.12271738206906,125
299-W18-2,566380.19,135383.59,1.71177777777778,1.71177777777778,1.73845601995947,9
299-W18-21,566097.69,134978.69,0.359106145251399,0.797653631284917,0.927175894674149,179
299-W18-22,566088.63,134990.16,0.153982456140351,0.855538011695906,0.916369071310136,171
299-W18-23,566084.56,135342.44,0.859847826086957,1.13181884057971,1.2646885478996,138
299-W18-24,566370.81,135346.31,1.2995,1.33273333333334,1.58502220278876,120
299-W18-25,566721.5,134978.22,1.32725,1.32725,1.7515829938587,128
299-W18-26,566091.25,135491.7,0.844154929577464,0.898859154929576,1.12995120797067,71
299-W18-27,566090.19,135226.55,0.366936507936507,0.748936507936507,0.882896594639144,63
299-W18-28,566092.56,135106.78,0.436683333333334,0.747150000000003,0.890601285649198,60
299-W18-30,566870.75,135193.63,0.680257281553397,0.899752427184466,1.33363070207406,206
299-W18-31,566721.56,135075.17,0.75956172839506,0.923129629629627,1.31230792127721,162
299-W18-32,566515.56,134975.64,0.545976744186045,0.686116279069768,0.959871490914159,43
299-W18-33,566723.31,134811.13,0.427679611650487,0.642300970873786,0.996982617604654,103
299-W18-4,566305.56,135415.78,0.447174999999999,0.517275000000001,0.893291819619991,40
299-W18-40,566723.31,134996.41,-0.301632352941178,0.322073529411766,0.375581294560219,68
299-W18-5,566349.25,135453.55,0.95123333333333,1.49576666666667,1.55903610178426,30
299-W18-9,566472.94,135302.13,0.41541176470588,1.34470588235294,1.45596275000831,17
299-W19-1,566886.94,134925.63,0.684692857142858,2.19846428571429,2.5084391262297,140
299-W19-13,567288.88,134897.27,2.0722,2.0722,2.12585538862203,15
299-W19-15,567254.25,134975.78,1.72060975609756,1.72865853658536,1.97319151531156,41
299-W19-19,567826.88,134914.45,1.4265,1.4265,1.5643907227203,24
299-W19-2,567646.63,134694.66,-0.808466666666666,2.24453333333334,2.60094454637798,60
299-W19-23,567771.63,134893.05,1.31331578947368,1.31331578947368,1.53483943957117,38
299-W19-24,567771.56,134927.75,1.46092857142857,1.46092857142857,1.60600171232785,56
299-W19-25,567874.69,134916.36,1.85836363636364,1.85836363636364,1.865854715186,11
299-W19-26,567845.5,134894.72,1.28325,1.28325,1.39225611269383,36
299-W19-27,567014.38,134930.58,2.6702,2.6702,2.77299602115354,60
299-W19-28,567589.81,134991.19,1.3676875,1.3676875,1.64087220835952,48
299-W19-29,567664.13,134999.52,1.42325,1.42325,1.62463575207585,52
299-W19-30,567665.88,134924.47,0.950238095238094,0.950238095238094,1.0646820227297,42
299-W19-31,566897,135127.48,1.8756862745098,1.8756862745098,2.15414509224225,102
299-W19-32,566896.56,135009.3,2.1157311827957,2.1157311827957,2.35462871305522,93
299-W19-36,567634.75,135017.05,-0.0274772727272709,0.526477272727273,0.596870227253645,44
299-W19-37,567723.88,134950.34,0.233373333333333,0.492466666666668,0.638318802271509,75
299-W19-4,567949.94,135350.8,0.521340206185569,1.11962886597938,1.41525838958063,97
299-W19-40,567973.88,134847.39,0.514353846153848,0.558015384615385,0.691165003120428,65
299-W19-41,566896.56,135004.52,-0.209809917355371,0.306685950413222,0.374259654860362,121
299-W19-42,566896.81,135122.91,-0.179761061946904,0.282150442477879,0.351451113180416,113
299-W19-44,566896.94,135041.97,-0.444329411764706,0.452000000000001,0.518736541994103,85
299-W19-45,566897.63,135087.66,-0.425825581395348,0.428825581395348,0.474549688627802,86
299-W19-46,567782.69,134842.45,-0.442702702702704,0.444675675675677,0.513632900773264,74
299-W19-6,567133.31,134693.77,1.80135384615385,1.91756923076923,2.0059118548009,65
299-W21-1,568143.38,134396.34,0.0160125000000004,1.0995625,1.23230543596139,80
299-W22-20,567593.13,133879.25,0.889586206896551,1.04224137931034,1.23858541392437,58
299-W22-22,567617.25,134464.31,0.837654545454548,1.32936363636364,1.46744788354105,55
299-W22-23,567586.69,134444.97,1.02258333333333,1.15925,1.34640716352817,12
299-W22-39,566903.88,134213.67,1.04750458715596,1.04948623853211,1.27205735979377,109
299-W22-4,567082.81,134254.22,-1.958625,1.958625,2.69759068429589,16
299-W22-40,567634.56,134509.98,1.3499696969697,1.3499696969697,1.46010163614688,66
299-W22-41,567637.06,134479.45,1.29084210526316,1.29084210526316,1.42727202069284,76
299-W22-42,567623.19,134452.2,1.33478378378379,1.33478378378379,1.45511248752506,74
299-W22-43,567532.5,134539.23,1.35277333333333,1.35277333333333,1.49297732065829,75
299-W22-44,566956,134484.42,0.463784431137725,0.898263473053892,1.19629085943147,167
299-W22-45,566945.19,134292.52,0.351183431952663,0.663029585798816,0.907001862566017,169
299-W22-46,566903.88,134127.84,0.811839694656486,0.84587022900763,1.10153864284435,131
299-W22-48,566996.63,134425.09,-0.32363157894737,0.339000000000004,0.409805281104398,76
299-W22-49,566904.38,134201.63,-0.234522222222223,0.260944444444444,0.319100384762468,90
299-W22-50,566904.19,134139.7,-0.199293478260867,0.238141304347824,0.301830520397586,92
299-W22-7,567499.44,134248.06,-1.0811625,2.1295375,2.69190978907169,80
299-W22-79,567629.56,134464.84,-0.257690476190477,0.375,0.448099983528336,84
299-W22-8,567741.81,134218,-0.81532,1.23492,1.33597214042808,25
299-W22-80,566842.88,134125.66,-0.241787234042553,0.254276595744681,0.365453725568524,94
299-W22-81,567000.25,134354.19,-0.383175824175825,0.395835164835167,0.463729470680938,91
299-W22-82,567004.75,134167.06,-0.270053191489363,0.311223404255319,0.360045520171749,94
299-W22-83,567009.06,134092.55,-0.283195652173913,0.358630434782608,0.469431246991689,92
299-W22-84,566978.75,134547.63,-0.454152777777779,0.454152777777779,0.492380823144039,72
299-W22-85,566902.88,134260.58,-0.290325581395349,0.307604651162791,0.357652748307759,86
299-W22-9,567739.69,134042.73,0.421594594594594,0.683432432432432,0.945256907735468,37
299-W23-13,566712.81,134445.94,1.00442857142857,1.09917142857143,1.3881143530498,105
299-W23-14,566708.69,134290.17,0.982614678899082,1.02514678899083,1.2959415442984,109
299-W23-15,566794,134127.23,0.471837837837837,0.671491891891891,0.951023721533231,185
299-W23-20,566717.69,134446.19,-0.474115789473683,0.474115789473683,0.498835686479288,95
299-W23-21,566707.75,134294,-0.360915789473685,0.360936842105264,0.398661616174077,95
299-W23-4,566628.19,134391.88,0.279558375634519,1.15914720812183,1.6059142817109,394
299-W23-8,566707.13,134287.75,1.665,1.665,1.70711360329225,55
299-W26-10,566683.25,133499.11,0.993953488372092,0.994372093023254,1.10479508780883,43
299-W26-12,566901,133689.86,1.26791999999999,1.26931999999999,1.43387143077752,50
299-W26-13,566424.38,133293.59,-0.823218181818183,0.823218181818183,0.869202738145711,55
299-W26-14,566682.69,133539.2,-0.689999999999999,0.689999999999999,0.781580973528538,44
299-W26-6,566463.38,133406,0.275750000000001,0.349350000000003,0.389095168307188,20
299-W26-7,566325.44,133242.42,0.100120689655174,0.449810344827586,0.516113409750356,58
299-W26-8,566645.69,133663.48,1.08942,1.09046,1.1956058129668,50
299-W27-2,566908.25,133670.34,0.279890624999999,0.805046875000002,0.998184609992062,64
299-W6-1,567214.13,137510.14,0.611438202247191,1.57433707865169,1.7572394847435,89
299-W6-10,567413.31,137453.05,1.34668,1.34668,1.57768919203583,75
299-W6-11,567162.5,137634.83,0.915959183673468,1.14873469387755,1.49112600926622,49
299-W6-12,566915.56,137635.16,0.961153846153846,1.21126923076923,1.56984874332627,52
299-W6-2,566938.38,137351,2.45605732484077,2.45605732484077,2.5500513408095,157
299-W6-3,567118.19,137299.13,1.55281132075471,1.64775471698113,1.96817942405742,53
299-W6-4,567132.25,137290.48,1.89714102564102,1.89714102564102,2.08890691265637,78
299-W6-6,567318.75,137638.72,1.35807575757576,1.46507575757576,1.7563960475239,66
299-W6-7,567311.31,137638.8,1.83297826086957,1.83297826086957,1.98343979314813,46
299-W6-8,567028.81,137638.8,2.03958064516129,2.03958064516129,2.14605025795703,31
299-W6-9,567031.63,137363.13,1.81280597014925,1.81280597014925,1.97796487450514,67
299-W7-1,565932.06,137647.13,1.69078832116788,1.69078832116788,1.76950837743431,137
299-W7-10,566858.19,137457.53,2.29891860465116,2.29891860465116,2.37771549777767,86
299-W7-11,566186.19,137636,1.61020547945206,1.61020547945206,1.72779093658578,73
299-W7-12,566040.81,137636.3,1.358475,1.358875,1.5511304345541,80
299-W7-2,566302.81,137638.5,1.99448275862069,1.99448275862069,2.00103835545449,116
299-W7-4,566408.75,137308.25,1.73075159235669,1.83629299363057,2.00639965283066,157
299-W7-5,566476,137635.69,1.80090410958904,1.80167123287671,1.91382214572814,146
299-W7-6,566658.06,137636.31,2.16651492537314,2.16651492537314,2.22202289004425,134
299-W7-7,566566.75,137636.08,1.87837,1.87837,1.99933837306245,100
299-W7-8,566761.38,137636.67,1.87696629213483,1.87696629213483,1.95724366496483,89
299-W7-9,565844.44,137646.41,1.7335,1.7335,1.8021812327433,92
299-W8-1,565749.44,137646.64,1.23133497536946,1.3181921182266,1.48140233622517,203
299-W9-1,565657.63,137023.77,1.602,1.60407575757576,1.66645538812356,132
699-22-35,579340.56,130309.02,0.111507352941176,0.116007352941177,0.162641318641395,136
699-23-34A,579486.25,130552.38,0.00116806722689197,0.115680672268907,0.133049684281455,238
699-23-34B,579433,130384.7,0.119814159292036,0.121,0.13495941704004,113
699-24-33,579720.06,130768.37,-0.020604651162791,0.160237209302326,0.195560577660437,430
699-24-34A,579522.75,130669.38,0.0115380952380963,0.127309523809524,0.142116132926896,210
699-24-34B,579554.13,130771.82,0.0214145299145287,0.125773504273504,0.141964829519543,234
699-24-34C,579588.63,130886.88,0.00319402985074448,0.119592039800996,0.135286576242593,201
699-24-35,579176.81,130914.96,0.00559999999999937,0.120260869565217,0.137847836714823,230
699-24-46,575785.69,130793.84,-0.0470614035087729,0.234219298245615,0.269832257835163,114
699-25-33A,579712.19,131224.56,0.0432926829268295,0.0948211382113828,0.133996511300297,123
699-25-34A,579694.88,131230.89,0.046027586206897,0.12991724137931,0.161196217975656,145
699-25-34B,579679.44,131181.36,0.0245176470588237,0.131776470588236,0.158202996922606,170
699-25-34C,579635,131037.84,-0.00721505376343963,0.105881720430107,0.123265340165114,186
699-25-34D,579589.81,131190.91,0.112344444444445,0.117411111111111,0.137417732965339,90
699-25-55,573089.06,131212.14,-1.12860869565218,1.15489855072464,1.45677589548353,207
699-25-70,568543.72,131171.46,-2.13028991596639,2.42540756302521,2.91845941934318,238
699-26-33,579709.75,131280.28,0.0318918918918933,0.111632432432433,0.134552270562461,185
699-26-34A,579394.81,131467.55,-0.00324456521738981,0.105853260869565,0.124799034103007,184
699-26-34B,579629.38,131352.25,0.103373913043479,0.110191304347826,0.131334091074103,115
699-26-35A,579314.13,131347.25,0.0195608695652183,0.11834347826087,0.138488031189012,230
699-26-35C,579332,131341.83,0.0391171875000009,0.098976562500001,0.126512999579095,128
699-28-40,577620.55,131929.5,-0.0373571428571448,0.148928571428573,0.185249493926436,224
699-28-52A,574187.63,132109.31,0.249392857142857,0.64275,0.801269884977233,112
699-29-78,566211.56,132413.61,1.18271794871795,1.48271794871795,1.5738879129065,117
699-31-31,580551.69,132794.23,0.00285931558935284,0.132136882129277,0.159127277656273,263
699-31-53B,573758.38,132975.11,-1.03708333333333,1.03708333333333,1.05282886390271,60
699-32-42,576976.25,133378.88,-0.32432258064516,0.331677419354838,0.542382438577633,31
699-32-43,576902.13,133278.61,-0.0538656716417903,0.116358208955223,0.1454624124399,134
699-32-62,571008.42,133215.66,-1.60988416988417,1.60988416988417,1.93626168099699,259
699-32-70B,568462,133242.25,-0.213999999999999,1.51768292682927,1.99968123984189,164
699-32-72B,567935,133362.09,0.0960000000000003,0.826470588235295,0.993527346495956,17
699-32-77,566416.81,133152.48,-1.60550902527076,2.75550180505415,3.83667867985042,277
699-33-42,577020.56,133480.66,-0.0569999999999998,0.120825,0.149599465239686,80
699-33-56,572922.69,133627.23,-1.21119642857143,1.21119642857143,1.23235975730651,112
699-34-39A,578013.5,133881.13,-0.00295955882352985,0.139658088235294,0.171543051104826,272
699-34-41B,577338.31,133911.73,-0.0400686274509803,0.103519607843137,0.131447484481334,102
699-34-42,577165.44,133714.64,-0.0753378378378388,0.104229729729729,0.133244491798328,74
699-34-51,574269.88,133808.47,-0.48425,0.492631355932203,0.538024986030593,236
699-34-61,571395.88,133809.86,-0.602444444444445,0.602444444444445,0.714749425141945,27
699-34-88,563010.42,133950.08,-1.05713559322034,1.05713559322034,1.17185269556928,177
699-35-66A,569857.88,134099.25,-1.53083695652174,1.62216304347826,2.40106157681392,184
699-35-70,568566.5,133987.58,-1.52156465517241,2.02628017241379,2.60816931354225,232
699-35-78A,566063.56,134271.27,-2.82121739130435,3.34028405797101,4.93423562586894,345
699-36-46S,575998,134552.69,-0.308133333333332,0.321466666666665,0.38400468747139,15
699-36-61A,571395.5,134557.11,-0.806699248120302,0.813466165413534,0.913184867101816,266
699-36-61B,571401.19,134586.89,-1.07467857142857,1.07467857142857,1.09807947604638,28
699-36-67,569279.5,134425.02,-0.113699999999997,0.2785,0.349794082282704,20
699-37-43,576828.5,134782.52,-0.0614150197628472,0.123209486166008,0.17515292019988,253
699-37-68,569273.69,134629.48,-0.0719600000000003,0.270759999999997,0.331856655801866,25
699-37-82A,564905.83,134739.55,-0.959962264150945,1.07612578616352,1.48461971498199,159
699-38-65,570089.05,135039.58,-1.51801282051282,1.55064102564103,1.92818511054121,156
699-38-70,568499.8,135088.94,-0.314540909090908,1.36675909090909,1.85941881071381,220
699-39-39,578052.38,135391.66,1.57966847826087,1.57966847826087,1.71007342678611,184
699-39-79,565890.88,135411.88,-0.451065375302664,1.12629539951574,1.34785638079305,413
699-40-33A,579680.88,135822.44,2.0680612244898,2.0680612244898,2.08666547782018,98
699-40-36,578789.25,135633.83,1.45967692307692,1.45967692307692,1.5803086066676,130
699-40-39,577938.06,135645.61,1.95823853211009,1.95823853211009,1.9841731807,109
699-40-40A,577680.06,135594.09,1.37509174311927,1.37509174311927,1.54557078022886,109
699-40-40B,577677.44,135609.63,1.74415,1.74415,1.75450332478074,60
699-40-62,571164.25,135764.42,-1.14938679245283,1.14938679245283,1.16686564116367,212
699-41-35,579079.69,135947.42,1.62978571428571,1.62978571428571,1.78406872910175,126
699-41-40,577613.88,135995.88,1.83964666666667,1.8439,2.07550404962265,150
699-41-42,577122.06,136067.94,0.929722222222223,0.965796296296297,1.30144082547852,108
699-42-37,578476.75,136247.22,1.40045384615385,1.44231538461539,1.78068147931325,130
699-42-39A,577857.06,136251.75,3.04327272727272,3.04327272727272,3.18433216441585,66
699-42-39B,577859.06,136236.41,2.29982113821138,2.30637398373984,2.65168803423297,123
699-42-40A,577638.13,136421.77,3.37315934065934,3.4124010989011,3.81724039971689,182
699-42-40B,577638,136413.88,4.46641739130435,4.47156956521739,4.64487237574474,460
699-42-41,577335.19,136365.59,3.13155844155844,3.13155844155844,3.20472721857174,77
699-42-42A,577086.86,136289.79,2.31810833333333,2.35805833333333,2.88576710627636,120
699-42-42B,576998.13,136433.92,1.39034031413612,1.55080104712042,1.93009666496931,191
699-43-40,577583.13,136705.33,2.73455913978495,2.73455913978495,2.95200167555392,93
699-43-41E,577478.63,136594.36,2.08327777777778,2.12522222222222,2.40371964070503,144
699-43-41F,577479.38,136579,2.82020930232558,2.83948837209302,2.94696223174795,86
699-43-41G,577466.44,136586.61,1.16278448275862,1.3379224137931,1.60102622531236,116
699-43-44,576744.69,136652.86,-1.19470967741936,1.19470967741936,1.26652395772203,62
699-43-89,562916.18,136619.72,-0.994116959064328,1.04837426900585,1.22864846584838,171
699-44-64,570389.51,136897.16,-2.22173863636364,2.22173863636364,2.23058865548985,176
699-45-42,577053.94,137286.1,0.00852876712328689,0.98831506849315,1.20580299510894,365
699-47-35A,579311.33,137779.82,1.26636708860759,1.36153164556962,1.60409234953066,158
699-47-60,571473.24,137968.46,-0.0626570397111923,0.112830324909748,0.148972921727213,277
699-48-71,568386.78,138056.67,1.21873936170213,1.5498244680851,1.86705527474046,188
699-48-77A,566413.25,137968.86,0.5956654676259,0.772809352517985,0.976813511726085,278
699-48-77C,566468.94,138086.8,0.0166724137931052,0.566762068965517,0.712953287148024,290
699-48-77D,566433.31,138119.27,-0.677903114186851,1.00555709342561,1.10634205714365,289
699-49-57A,572543.13,138388.96,-0.0305051546391757,0.0613298969072166,0.0887898209391455,291
699-49-79,565769.99,138270.83,-0.094845864661654,0.970770676691731,1.13244348395887,266
699-50-42,577109.86,138786.41,0.50851724137931,1.13364367816092,1.20168134127855,174
699-50-74,567359.52,138646.73,-0.249423076923079,0.282807692307694,0.361093691230067,26
699-50-85,564129.07,138669.05,0.0714801980198024,0.487529702970297,0.565870349528271,202
699-51-75,566976.94,138906.01,0.381455882352941,1.00647549019608,1.10848036545003,204
699-53-55A,573114.71,139631.61,0.0180486111111102,0.0830902777777779,0.105476070219216,144
699-53-55B,573109.48,139624.69,-0.0673902439024389,0.102934959349594,0.134819934112676,123
699-54-45A,576313.61,140001.15,-1.52333333333333,1.63425641025641,1.83500350496882,117
699-55-70,568528.82,140318.68,0.0565476190476172,0.690806122448979,0.806001626827749,294
699-55-76,566722.29,140225.54,0.0928589743589743,0.498487179487179,0.60558941409303,156
699-55-89,562885.45,140199.17,-1.54942127659575,1.54942127659575,1.64219450735898,235
699-57-83A,564581.69,140824.85,-2.13738059701493,2.13738059701493,2.15068061250734,134
699-59-80B,565636.54,141574.68,-3.7,3.7,4.00771543551288,249

